 PARCSPARCSPARCSPARCSPARCSPARCSPARCSPARCSPARCSPARCSPARCSPARCSPARCSPARCSPARCSPARCSPARCSPARCSPARCSPARCS



      PPPPPPPPPPPPP          AAA         RRRRRRRRRRRRRR          CCCCCCCCCC         SSSSSSSSSS   
      PPPPPPPPPPPPPPP       AAAAA        RRRRRRRRRRRRRRRR       CCCCCCCCCCCCC     SSSSSSSSSSSSS  
       PPPP      PPPP      AAAAAAA        RRRR       RRRRR     CCCC      CCCCC    SSSS      SSSSS
       PPPP       PPPP     AAA AAA        RRRR        RRRR    CCCC        CCCC   SSSS       SSSSS
       PPPP       PPPP    AAAA AAAA       RRRR        RRRR   CCCC                SSSSS           
       PPPP      PPPPP   AAAA   AAAA      RRRR       RRRR    CCCC                 SSSSSSSSSS     
       PPPPPPPPPPPPPP   AAAA     AAAA     RRRRRRRRRRRRRR     CCCC                   SSSSSSSSSSS  
       PPPPPPPPPPPP     AAAA     AAAA     RRRRRRRRRRR        CCCC                       SSSSSSSS 
       PPPP            AAAAAAAAAAAAAAA    RRRR    RRRRR      CCCC          CCC               SSSS
       PPPP            AAAAAAAAAAAAAAA    RRRR      RRRR     CCCC         CCCC   SSSS        SSSS
       PPPP           AAAA         AAAA   RRRR       RRRR     CCCC        CCCC   SSSS        SSSS
       PPPP           AAAA         AAAA   RRRR        RRRR    CCCCC      CCCC    SSSSS      SSSSS
      PPPPPP         AAAAA         AAAAA RRRRRR       RRRRRR   CCCCCCCCCCCCC      SSSSSSSSSSSSSS 
      PPPPPP         AAAAA         AAAAA RRRRRR       RRRRRR     CCCCCCCCCC         SSSSSSSSSS   



                              (Purdue Advanced Reactor Core Simulator)

                                          NRC - V2.7                                                                     


 PARCSPARCSPARCSPARCSPARCSPARCSPARCSPARCSPARCSPARCSPARCSPARCSPARCSPARCSPARCSPARCSPARCSPARCSPARCSPARCS


           Executing Case IAEA3D
           by parcs on VIRTUAL at 16:20:35, Mar.  3, 2026...                   
 
           Allocated Memory:     11.03 MBytes                                  


 PARCSPARCSPARCSPARCSPARCSPARCSPARCSPARCSPARCSPARCSPARCSPARCSPARCSPARCSPARCSPARCSPARCSPARCSPARCSPARCS


                                      Echo of Input Deck 3DPWR.inp
=====================================================================================================
CASEID IAEA3D                  IAEA  Case 3D
!******************************************************************************
CNTL
     PIN_POWER    F
     TH_FDBK      F
!                    input  iteration     planar                   adj
!                     edit      table      power        pin       reac
      print_opt          T          T          T          F          F
!                     fdbk       flux     planar
!                      rho    precurs       flux         Xe        T/H
      print_opt          F          F          T          F          F
 
 
!******************************************************************************
PARAM
! Basic Iteration Control Parameters
      n_iters    10 500                     !ninmax, noutmax
 
! Convergence Criteria
      conv_ss    1.e-7 1.e-6 1.e-6 0.01      !epseig,epsl2,epslinf,epstf
 
! Nonlinear Update Control
      eps_anm    1.0e-15
 
! Nonlinear Update Cycle
      nlupd_ss   4     4     1             !nupdcy, ninitout, nmulth
      nodal_kern fdm
!******************************************************************************
XSEC
!      file XSEC_L336
!==============================================================================
 comp_num   1    !Fuel 1
!------------------------------------------------------------------------------
 base_macro 0.22222222    0.010         0.000000e+00  0.000000e+00  0.020
            0.83333333    0.085         0.135000e+00  0.135000e+00
!==============================================================================
 comp_num   2    !Fuel 1 Rodded
!------------------------------------------------------------------------------
 base_macro 0.22222222    0.01          0.000000e+00  0.000000e+00  0.020
            0.83333333    0.130         0.135000e+00  0.135000e+00
!==============================================================================
 comp_num   3    !Fuel 2
!------------------------------------------------------------------------------
 base_macro 0.22222222    0.010         0.000000e+00  0.000000e+00  0.020
            0.83333333    0.080         0.135000e+00  0.135000e+00
!==============================================================================
 comp_num   4    !Reflector
!------------------------------------------------------------------------------
 base_macro 0.1666667     0.000         0.000         0.000         0.040
            1.1111111     0.010         0.000         0.000
!==============================================================================
 comp_num   5    !Reflector Rodded
!------------------------------------------------------------------------------
 base_macro 0.1666667     0.000         0.0000        0.0000        0.040
            1.1111111     0.055         0.0000        0.0000
!==============================================================================
 
 delcr_comp 1   1 -5  7 -11  !compostions that this set applies
!------------------------------------------------------------------------------
 delcr_base 0.0 0.0 0.0 0.0 0.0
            0.0 0.0 0.0 0.0
 
 delcr_comp 2   6                      !compostions that this set applies
!------------------------------------------------------------------------------
 delcr_base 0.0 0.0 0.0 0.0 0.0
            0.0 0.0 0.0 0.0
 
!Delayed Neutron Precurosor Data
!--------------------------------------------------------------------------------
 kin_comp   1  1 -11    !Compostions that this set applies
 dnp_lambda 0.0128  0.0318  0.119   0.3181  1.4027  3.9286 !decay constants
 dnp_beta   0.0002584 0.00152 0.0013908 0.0030704 0.001102 0.0002584 !beta
 neut_velo  2.8E7    4.4E5  ! Neutron Velocities (cm/sec)
 
!******************************************************************************
GEOM
 geo_dim   9 9 19              !nasyx,nasyy,nz
 rad_conf
 2 2 2 2 2 2 2 2 1
 2 2 2 2 2 2 2 2 1
 2 2 2 2 2 2 2 2 1
 2 2 2 2 2 2 2 1 1
 2 2 2 2 2 2 2 1 0
 2 2 2 2 2 2 1 1 0
 2 2 2 2 2 1 1 0 0
 2 2 2 1 1 1 0 0 0
 1 1 1 1 0 0 0 0 0
 grid_x     1*10.0 8*20.0  ! 9 fuel assemby de 20 cm
 neutmesh_x 1 8*2  ! 50 mesh in ogni fuel assembly
 grid_y     1*10.0 8*20.0
 neutmesh_y 1 8*2
 grid_z     19*20.0
 boun_cond  0 2 0 2 2 2       !ibcw,ibce,ibcn,ibcs,ibcb,ibct
 Planar_Reg 1
 9*4
 9*4
 9*4
 9*4
 8*4
 8*4
 7*4
 6*4
 4*4
 
 Planar_Reg 2
 2 3*1 2 1 1 3 4
 7*1 3 4
 6*1 3 3 4
 6*1 3 4 4
 2 3*1 2 3 3 4
 4*1 3 3 4 4
 1 1 3*3 4 4
 3*3 3*4
 4*4
 
 Planar_Reg 3
 2 3*1 2 1 1 3 4
 7*1 3 4
 1 1 2 3*1 3 3 4
 6*1 3 4 4
 2 3*1 2 3 3 4
 4*1 3 3 4 4
 1 1 3*3 4 4
 3*3 3*4
 4*4
 
 Planar_Reg 4
 5 3*4 5 4*4
 9*4
 4 4 5 6*4
 9*4
 5 3*4 5 3*4
 8*4
 7*4
 6*4
 4*4
 
 PR_Assign  1 13*2 4*3 4
!******************************************************************************
! PLOT
!  XTYPE      1     0   170 !Case Index, x_min, x_max
!  RECTMAP    relp  17     17     0.1   5.0   0     1
!       1   2   3   4   5   6   7   8   9  10  11  12  13  14  15  16  17
!       18  19  20  21  22  23  24  25  26  27  28  29  30  31  32  33  34
!       35  36  37  38  39  40  41  42  43  44  45  46  47  48  49  50  51
!       52  53  54  55  56  57  58  59  60  61  62  63  64  65  66  67  68
!       69  70  71  72  73  74  75  76  77  78  79  80  81  82  83  84  85
!       86  87  88  89  90  91  92  93  94  95  96  97  98  99 100 101 102
!       103 104 105 106 107 108 109 110 111 112 113 114 115 116 117 118 119
!       120 121 122 123 124 125 126 127 128 129 130 131 132 133 134 257 258
!       135 136 137 138 139 140 141 142 143 144 145 146 147 148 149 267   0
!       150 151 152 153 154 155 156 157 158 159 160 161 162 163 164 268   0
!       165 166 167 168 169 170 171 172 173 174 175 176 177 178 179 269   0
!       180 181 182 183 184 185 186 187 188 189 190 191 192 255 256   0   0
!       193 194 195 196 197 198 199 200 201 202 203 204 205 271   0   0   0
!       206 207 208 209 210 211 212 213 214 215 216 253 254   0   0   0   0
!       217 218 219 220 221 222 223 224 225 226 227 273   0   0   0   0   0
!       228 229 230 231 232 233 234 249 250 251 252   0   0   0   0   0   0
!       235 236 237 238 239 240 241 275   0   0   0   0   0   0   0   0   0
! AXPLOT     relp  19    1     0     180
! cr_axinfo 20.0 20.0          !fully inserted position and step size
! bank_conf
! 1 0 0
! 0 0 0
! 0 0 0
! pincal_loc
! 1 1 0
! 1 1 0
! 0 0 0
 
!******************************************************************************
! PFF
! !      file  PFF_L336
!  npin_side  17                 ! npin
!  pff_comp 1  1 -8              ! compositions that the following set applies (UO2)
!  pff_unrodd  1                 !group  1  of  set  1
!   1.1015  1.1011  1.1004  1.0994  1.0983  1.0977  1.0976  1.0975  1.0974
!   1.1011  1.1005  1.0993  1.0977  1.0959  1.0943  1.0953  1.0953  1.0942
!   1.1004  1.0993  1.0968  1.0937  1.0918  0.0000  1.0926  1.0927  0.0000
!   1.0994  1.0977  1.0937  0.0000  1.0903  1.0911  1.0930  1.0932  1.0919
!   1.0983  1.0959  1.0918  1.0903  1.0910  1.0908  1.0926  1.0927  1.0915
!   1.0977  1.0943  0.0000  1.0911  1.0908  0.0000  1.0912  1.0913  0.0000
!   1.0976  1.0953  1.0926  1.0930  1.0926  1.0912  1.0925  1.0925  1.0912
!   1.0975  1.0953  1.0927  1.0932  1.0927  1.0913  1.0925  1.0925  1.0912
!   1.0974  1.0942  0.0000  1.0919  1.0915  0.0000  1.0912  1.0912  0.0000
!  pff_unrodd 2                  ! group  2  of  set  1
!   1.0259  1.0299  1.0374  1.0472  1.0574  1.0642  1.0646  1.0651  1.0667
!   1.0299  1.0362  1.0485  1.0642  1.0831  1.1001  1.0882  1.0880  1.1003
!   1.0374  1.0485  1.0744  1.1068  1.1256  0.0000  1.1172  1.1157  0.0000
!   1.0472  1.0642  1.1068  0.0000  1.1409  1.1326  1.1121  1.1097  1.1228
!   1.0574  1.0831  1.1256  1.1409  1.1334  1.1350  1.1157  1.1135  1.1268
!   1.0642  1.1001  0.0000  1.1326  1.1350  0.0000  1.1301  1.1288  0.0000
!   1.0646  1.0882  1.1172  1.1121  1.1157  1.1301  1.1158  1.1154  1.1290
!   1.0651  1.0880  1.1157  1.1097  1.1135  1.1288  1.1154  1.1154  1.1292
!   1.0667  1.1003  0.0000  1.1228  1.1268  0.0000  1.1290  1.1292  0.0000
!  pff_rodded 1                    ! group  1  of  set  1
!   1.1015  1.1011  1.1004  1.0994  1.0983  1.0977  1.0976  1.0975  1.0974
!   1.1011  1.1005  1.0993  1.0977  1.0959  1.0943  1.0953  1.0953  1.0942
!   1.1004  1.0993  1.0968  1.0937  1.0918  0.0000  1.0926  1.0927  0.0000
!   1.0994  1.0977  1.0937  0.0000  1.0903  1.0911  1.0930  1.0932  1.0919
!   1.0983  1.0959  1.0918  1.0903  1.0910  1.0908  1.0926  1.0927  1.0915
!   1.0977  1.0943  0.0000  1.0911  1.0908  0.0000  1.0912  1.0913  0.0000
!   1.0976  1.0953  1.0926  1.0930  1.0926  1.0912  1.0925  1.0925  1.0912
!   1.0975  1.0953  1.0927  1.0932  1.0927  1.0913  1.0925  1.0925  1.0912
!   1.0974  1.0942  0.0000  1.0919  1.0915  0.0000  1.0912  1.0912  0.0000
!  pff_rodded 2                    ! group  2  of  set  1
!   1.0259  1.0299  1.0374  1.0472  1.0574  1.0642  1.0646  1.0651  1.0667
!   1.0299  1.0362  1.0485  1.0642  1.0831  1.1001  1.0882  1.0880  1.1003
!   1.0374  1.0485  1.0744  1.1068  1.1256  0.0000  1.1172  1.1157  0.0000
!   1.0472  1.0642  1.1068  0.0000  1.1409  1.1326  1.1121  1.1097  1.1228
!   1.0574  1.0831  1.1256  1.1409  1.1334  1.1350  1.1157  1.1135  1.1268
!   1.0642  1.1001  0.0000  1.1326  1.1350  0.0000  1.1301  1.1288  0.0000
!   1.0646  1.0882  1.1172  1.1121  1.1157  1.1301  1.1158  1.1154  1.1290
!   1.0651  1.0880  1.1157  1.1097  1.1135  1.1288  1.1154  1.1154  1.1292
!   1.0667  1.1003  0.0000  1.1228  1.1268  0.0000  1.1290  1.1292  0.0000
!  pff_comp 2  9                 ! compositions that the following set applies (UO2)
!  pff_unrodd 1 !group  1  of  set  1
!   1.0855  1.0865  1.0878  1.0888  1.0896  1.0903  1.0910  1.0914  1.0914
!   1.0865  1.0886  1.0900  1.0909  1.0913  1.0912  1.0929  1.0933  1.0924
!   1.0878  1.0900  1.0910  1.0910  1.0916  0.0000  1.0947  1.0952  0.0000
!   1.0888  1.0909  1.0910  0.0000  1.0939  1.0968  1.0992  1.0997  1.0988
!   1.0896  1.0913  1.0916  1.0939  1.0977  1.0991  1.1013  1.1018  1.1008
!   1.0903  1.0912  0.0000  1.0968  1.0991  0.0000  1.1014  1.1017  0.0000
!   1.0910  1.0929  1.0947  1.0992  1.1013  1.1014  1.1031  1.1034  1.1024
!   1.0914  1.0933  1.0952  1.0997  1.1018  1.1017  1.1034  1.1038  1.1028
!   1.0914  1.0924  0.0000  1.0988  1.1008  0.0000  1.1024  1.1028  0.0000
!  pff_unrodd 2 !group  2  of  set  1
!   0.9053  0.8927  0.8875  0.8925  0.9033  0.9106  0.9070  0.9063  0.9095
!   0.8927  1.0752  1.0676  1.0844  1.1204  1.1622  1.1152  1.1119  1.1525
!   0.8875  1.0676  1.0889  1.1511  1.1764  0.0000  1.1143  1.1068  0.0000
!   0.8925  1.0844  1.1511  0.0000  1.1533  1.2941  1.1990  1.1875  1.2376
!   0.9033  1.1204  1.1764  1.1533  1.2713  1.2425  1.1562  1.1464  1.1994
!   0.9106  1.1622  0.0000  1.2941  1.2425  0.0000  1.1941  1.1875  0.0000
!   0.9070  1.1152  1.1143  1.1990  1.1562  1.1941  1.1303  1.1267  1.1811
!   0.9063  1.1119  1.1068  1.1875  1.1464  1.1875  1.1267  1.1245  1.1792
!   0.9095  1.1525  0.0000  1.2376  1.1994  0.0000  1.1811  1.1792  0.0000
!  pff_rodded 1 !group  1  of  set  1
!   1.0855  1.0865  1.0878  1.0888  1.0896  1.0903  1.0910  1.0914  1.0914
!   1.0865  1.0886  1.0900  1.0909  1.0913  1.0912  1.0929  1.0933  1.0924
!   1.0878  1.0900  1.0910  1.0910  1.0916  0.0000  1.0947  1.0952  0.0000
!   1.0888  1.0909  1.0910  0.0000  1.0939  1.0968  1.0992  1.0997  1.0988
!   1.0896  1.0913  1.0916  1.0939  1.0977  1.0991  1.1013  1.1018  1.1008
!   1.0903  1.0912  0.0000  1.0968  1.0991  0.0000  1.1014  1.1017  0.0000
!   1.0910  1.0929  1.0947  1.0992  1.1013  1.1014  1.1031  1.1034  1.1024
!   1.0914  1.0933  1.0952  1.0997  1.1018  1.1017  1.1034  1.1038  1.1028
!   1.0914  1.0924  0.0000  1.0988  1.1008  0.0000  1.1024  1.1028  0.0000
!  pff_rodded 2 ! group  2  of  set  1
!   0.9053  0.8927  0.8875  0.8925  0.9033  0.9106  0.9070  0.9063  0.9095
!   0.8927  1.0752  1.0676  1.0844  1.1204  1.1622  1.1152  1.1119  1.1525
!   0.8875  1.0676  1.0889  1.1511  1.1764  0.0000  1.1143  1.1068  0.0000
!   0.8925  1.0844  1.1511  0.0000  1.1533  1.2941  1.1990  1.1875  1.2376
!   0.9033  1.1204  1.1764  1.1533  1.2713  1.2425  1.1562  1.1464  1.1994
!   0.9106  1.1622  0.0000  1.2941  1.2425  0.0000  1.1941  1.1875  0.0000
!   0.9070  1.1152  1.1143  1.1990  1.1562  1.1941  1.1303  1.1267  1.1811
!   0.9063  1.1119  1.1068  1.1875  1.1464  1.1875  1.1267  1.1245  1.1792
!   0.9095  1.1525  0.0000  1.2376  1.1994  0.0000  1.1811  1.1792  0.0000
!  pff_comp 3  10 -11             ! compositions that the following set applies (UO2)
!  pff_unrodd 1 ! group  1  of  set  1
!   1.2025  1.1932  1.1766  1.1560  1.1354  1.1188  1.1083  1.1020  1.0996
!   1.1932  1.1828  1.1642  1.1416  1.1192  1.1013  1.0939  1.0883  1.0840
!   1.1766  1.1642  1.1414  1.1151  1.0936  0.0000  1.0743  1.0700  0.0000
!   1.1560  1.1416  1.1151  0.0000  1.0735  1.0646  1.0624  1.0594  1.0555
!   1.1354  1.1192  1.0936  1.0735  1.0616  1.0530  1.0520  1.0499  1.0465
!   1.1188  1.1013  0.0000  1.0646  1.0530  0.0000  1.0435  1.0423  0.0000
!   1.1083  1.0939  1.0743  1.0624  1.0520  1.0435  1.0443  1.0447  1.0426
!   1.1020  1.0883  1.0700  1.0594  1.0499  1.0423  1.0447  1.0477  1.0473
!   1.0996  1.0840  0.0000  1.0555  1.0465  0.0000  1.0426  1.0473  0.0000
!  pff_unrodd 2 ! group  2  of  set  1
!   1.5322  1.5014  1.4448  1.3724  1.2972  1.2436  1.2280  1.2172  1.2064
!   1.5014  1.4585  1.3767  1.2745  1.1564  1.0511  1.0990  1.0923  1.0271
!   1.4448  1.3767  1.2257  1.0410  0.9278  0.0000  0.9423  0.9427  0.0000
!   1.3724  1.2745  1.0410  0.0000  0.8395  0.8687  0.9618  0.9689  0.9024
!   1.2972  1.1564  0.9278  0.8395  0.8684  0.8585  0.9476  0.9568  0.8931
!   1.2436  1.0511  0.0000  0.8687  0.8585  0.0000  0.8913  0.9041  0.0000
!   1.2280  1.0990  0.9423  0.9618  0.9476  0.8913  0.9837  1.0226  0.9785
!   1.2172  1.0923  0.9427  0.9689  0.9568  0.9041  1.0226  1.1376  1.1792
!   1.2064  1.0271  0.0000  0.9024  0.8931  0.0000  0.9785  1.1792  0.0000
!  pff_rodded 1 ! group  1  of  set  1
!   1.2025  1.1932  1.1766  1.1560  1.1354  1.1188  1.1083  1.1020  1.0996
!   1.1932  1.1828  1.1642  1.1416  1.1192  1.1013  1.0939  1.0883  1.0840
!   1.1766  1.1642  1.1414  1.1151  1.0936  0.0000  1.0743  1.0700  0.0000
!   1.1560  1.1416  1.1151  0.0000  1.0735  1.0646  1.0624  1.0594  1.0555
!   1.1354  1.1192  1.0936  1.0735  1.0616  1.0530  1.0520  1.0499  1.0465
!   1.1188  1.1013  0.0000  1.0646  1.0530  0.0000  1.0435  1.0423  0.0000
!   1.1083  1.0939  1.0743  1.0624  1.0520  1.0435  1.0443  1.0447  1.0426
!   1.1020  1.0883  1.0700  1.0594  1.0499  1.0423  1.0447  1.0477  1.0473
!   1.0996  1.0840  0.0000  1.0555  1.0465  0.0000  1.0426  1.0473  0.0000
!  pff_rodded 2 ! group  2  of  set  1
!   1.5322  1.5014  1.4448  1.3724  1.2972  1.2436  1.2280  1.2172  1.2064
!   1.5014  1.4585  1.3767  1.2745  1.1564  1.0511  1.0990  1.0923  1.0271
!   1.4448  1.3767  1.2257  1.0410  0.9278  0.0000  0.9423  0.9427  0.0000
!   1.3724  1.2745  1.0410  0.0000  0.8395  0.8687  0.9618  0.9689  0.9024
!   1.2972  1.1564  0.9278  0.8395  0.8684  0.8585  0.9476  0.9568  0.8931
!   1.2436  1.0511  0.0000  0.8687  0.8585  0.0000  0.8913  0.9041  0.0000
!   1.2280  1.0990  0.9423  0.9618  0.9476  0.8913  0.9837  1.0226  0.9785
!   1.2172  1.0923  0.9427  0.9689  0.9568  0.9041  1.0226  1.1376  1.1792
!   1.2064  1.0271  0.0000  0.9024  0.8931  0.0000  0.9785  1.1792  0.0000
.
 00:00.29  Input Processing Completed.
 00:00.29  Performing Steady-State Eigenvalue Calculation...                

     ***************************************************************
                            Problem Description
     ***************************************************************

 
= Geometry : Cartesian
 
= Core Radial Configuration
 
          1  2  3  4  5  6  7  8  9
         ---------------------------
       1  F  F  F  F  F  F  F  F  R
       2  F  F  F  F  F  F  F  F  R
       3  F  F  F  F  F  F  F  F  R
       4  F  F  F  F  F  F  F  R  R
       5  F  F  F  F  F  F  F  R   
       6  F  F  F  F  F  F  R  R   
       7  F  F  F  F  F  R  R      
       8  F  F  F  R  R  R         
       9  R  R  R  R               
 
            F : Fuel Assembly,  R : Reflector
 
= Radial Node Numbering
      +---+-------+-------+-------+-------+-------+-------+-------+-------+
      |  1|  2   3|  4   5|  6   7|  8   9| 10  11| 12  13| 14  15| 16  17|
      +---+-------+-------+-------+-------+-------+-------+-------+-------+
      | 18| 19  20| 21  22| 23  24| 25  26| 27  28| 29  30| 31  32| 33  34|
      | 35| 36  37| 38  39| 40  41| 42  43| 44  45| 46  47| 48  49| 50  51|
      +---+-------+-------+-------+-------+-------+-------+-------+-------+
      | 52| 53  54| 55  56| 57  58| 59  60| 61  62| 63  64| 65  66| 67  68|
      | 69| 70  71| 72  73| 74  75| 76  77| 78  79| 80  81| 82  83| 84  85|
      +---+-------+-------+-------+-------+-------+-------+-------+-------+
      | 86| 87  88| 89  90| 91  92| 93  94| 95  96| 97  98| 99 100|101 102|
      |103|104 105|106 107|108 109|110 111|112 113|114 115|116 117|118 119|
      +---+-------+-------+-------+-------+-------+-------+-------+-------+
      |120|121 122|123 124|125 126|127 128|129 130|131 132|133 134|
      |135|136 137|138 139|140 141|142 143|144 145|146 147|148 149|
      +---+-------+-------+-------+-------+-------+-------+-------+
      |150|151 152|153 154|155 156|157 158|159 160|161 162|163 164|
      |165|166 167|168 169|170 171|172 173|174 175|176 177|178 179|
      +---+-------+-------+-------+-------+-------+-------+-------+
      |180|181 182|183 184|185 186|187 188|189 190|191 192|
      |193|194 195|196 197|198 199|200 201|202 203|204 205|
      +---+-------+-------+-------+-------+-------+-------+
      |206|207 208|209 210|211 212|213 214|215 216|
      |217|218 219|220 221|222 223|224 225|226 227|
      +---+-------+-------+-------+-------+-------+
      |228|229 230|231 232|233 234|
      |235|236 237|238 239|240 241|
      +---+-------+-------+-------+
 
= Boundary Conditions: 0 - Reflective, 1 - Zero Flux, 2 - Zero Incoming Current
   axial boundary, bottom and top                :   2  2
   x-direction, west and east                    :   0  2
   y-direction, north and south                  :   0  2

= Radial Nodes Per Assembly                      :  2 x 2
= Number of Planes in the Active Core            :  17
= Number of Planes including Axial Reflectors    :  19
= Assembly Pitch                                 :   0.000
= Radial Node Size                               :  10.000
 
= Assembly Grid Sizes in x-direction
  10.000  20.000  20.000  20.000  20.000  20.000  20.000  20.000  20.000
 
= Assembly Grid Sizes in y-direction
  10.000  20.000  20.000  20.000  20.000  20.000  20.000  20.000  20.000
 
= Axial Mesh Structure
    Plane    Mesh      Mid 
    Number   Size     Point
       1    20.000    10.000
       2    20.000    30.000
       3    20.000    50.000
       4    20.000    70.000
       5    20.000    90.000
       6    20.000   110.000
       7    20.000   130.000
       8    20.000   150.000
       9    20.000   170.000
      10    20.000   190.000
      11    20.000   210.000
      12    20.000   230.000
      13    20.000   250.000
      14    20.000   270.000
      15    20.000   290.000
      16    20.000   310.000
      17    20.000   330.000
      18    20.000   350.000
      19    20.000   370.000
 
= Number of Fuel Assemblies and Radial Fuel Nodes :      52  177
= Number of Radial Nodes :                              241
= Active Core Height and Voume :                        340.00    6.01800E+06
 
= Planar Regions
     Number of Planar Regions                    :    4
 
     Planar Region  1
         4   4   4   4   4   4   4   4   4
         4   4   4   4   4   4   4   4   4
         4   4   4   4   4   4   4   4   4
         4   4   4   4   4   4   4   4   4
         4   4   4   4   4   4   4   4
         4   4   4   4   4   4   4   4
         4   4   4   4   4   4   4
         4   4   4   4   4   4
         4   4   4   4
 
     Planar Region  2
         2   1   1   1   2   1   1   3   4
         1   1   1   1   1   1   1   3   4
         1   1   1   1   1   1   3   3   4
         1   1   1   1   1   1   3   4   4
         2   1   1   1   2   3   3   4
         1   1   1   1   3   3   4   4
         1   1   3   3   3   4   4
         3   3   3   4   4   4
         4   4   4   4
 
     Planar Region  3
         2   1   1   1   2   1   1   3   4
         1   1   1   1   1   1   1   3   4
         1   1   2   1   1   1   3   3   4
         1   1   1   1   1   1   3   4   4
         2   1   1   1   2   3   3   4
         1   1   1   1   3   3   4   4
         1   1   3   3   3   4   4
         3   3   3   4   4   4
         4   4   4   4
 
     Planar Region  4
         5   4   4   4   5   4   4   4   4
         4   4   4   4   4   4   4   4   4
         4   4   5   4   4   4   4   4   4
         4   4   4   4   4   4   4   4   4
         5   4   4   4   5   4   4   4
         4   4   4   4   4   4   4   4
         4   4   4   4   4   4   4
         4   4   4   4   4   4
         4   4   4   4
 
= Assignment of Planar Regions to Planes 
      Plane      Plane  Planar Region 
      Number     Type      Number
         1    Bottom Ref      1
         2   Fuel Region      2
         3   Fuel Region      2
         4   Fuel Region      2
         5   Fuel Region      2
         6   Fuel Region      2
         7   Fuel Region      2
         8   Fuel Region      2
         9   Fuel Region      2
        10   Fuel Region      2
        11   Fuel Region      2
        12   Fuel Region      2
        13   Fuel Region      2
        14   Fuel Region      2
        15   Fuel Region      3
        16   Fuel Region      3
        17   Fuel Region      3
        18   Fuel Region      3
        19     Top Ref        4

= Control Rod Description
    Core Type                                    : PWR (control rod traveling from top to bottom)
   Number of control rod banks                   :    1
   Fully inserted position
   from the bottom reflector (cm)                :     0.000
   Step Size (cm)                                :     1.000
 
   Initial control bank position (steps)
 
        bank 1
      ********
 
          0 means fully inserted

   Control Bank Configuration

         0   0   0   0   0   0   0   0   0
         0   0   0   0   0   0   0   0   0
         0   0   0   0   0   0   0   0   0
         0   0   0   0   0   0   0   0   0
         0   0   0   0   0   0   0   0
         0   0   0   0   0   0   0   0
         0   0   0   0   0   0   0
         0   0   0   0   0   0
         0   0   0   0
 
 Assemblies Belonging to Each Bank
   1
 
 Radial Node Number Correspondence
 
   0 -16 -15 -14 -13 -12 -11 -10  -9  -8  -7  -6  -5  -4  -3  -2  -1   0   0
 -33   1   2   3   4   5   6   7   8   9  10  11  12  13  14  15  16  17 259
 -32  18  19  20  21  22  23  24  25  26  27  28  29  30  31  32  33  34 260
 -31  35  36  37  38  39  40  41  42  43  44  45  46  47  48  49  50  51 261
 -30  52  53  54  55  56  57  58  59  60  61  62  63  64  65  66  67  68 262
 -29  69  70  71  72  73  74  75  76  77  78  79  80  81  82  83  84  85 263
 -28  86  87  88  89  90  91  92  93  94  95  96  97  98  99 100 101 102 264
 -27 103 104 105 106 107 108 109 110 111 112 113 114 115 116 117 118 119 265
 -26 120 121 122 123 124 125 126 127 128 129 130 131 132 133 134 257 258 266
 -25 135 136 137 138 139 140 141 142 143 144 145 146 147 148 149 267   0 267
 -24 150 151 152 153 154 155 156 157 158 159 160 161 162 163 164 268   0 268
 -23 165 166 167 168 169 170 171 172 173 174 175 176 177 178 179 269   0 269
 -22 180 181 182 183 184 185 186 187 188 189 190 191 192 255 256   0   0 270
 -21 193 194 195 196 197 198 199 200 201 202 203 204 205 271   0   0   0 271
 -20 206 207 208 209 210 211 212 213 214 215 216 253 254   0   0   0   0 272
 -19 217 218 219 220 221 222 223 224 225 226 227 273   0   0   0   0   0 273
 -18 228 229 230 231 232 233 234 249 250 251 252   0   0   0   0   0   0 274
 -17 235 236 237 238 239 240 241 275   0   0   0   0   0   0   0   0   0 275
   0 242 243 244 245 246 247 248 249 250 251 252 253 254 255 256 257 258 276
 Node Number to X-Y Coordiantes
 
   Node Number ( X , Y )
 
   1(   1,   1)   2(   2,   1)   3(   3,   1)   4(   4,   1)   5(   5,   1)
   6(   6,   1)   7(   7,   1)   8(   8,   1)   9(   9,   1)  10(  10,   1)
  11(  11,   1)  12(  12,   1)  13(  13,   1)  14(  14,   1)  15(  15,   1)
  16(  16,   1)  17(  17,   1)  18(   1,   2)  19(   2,   2)  20(   3,   2)
  21(   4,   2)  22(   5,   2)  23(   6,   2)  24(   7,   2)  25(   8,   2)
  26(   9,   2)  27(  10,   2)  28(  11,   2)  29(  12,   2)  30(  13,   2)
  31(  14,   2)  32(  15,   2)  33(  16,   2)  34(  17,   2)  35(   1,   3)
  36(   2,   3)  37(   3,   3)  38(   4,   3)  39(   5,   3)  40(   6,   3)
  41(   7,   3)  42(   8,   3)  43(   9,   3)  44(  10,   3)  45(  11,   3)
  46(  12,   3)  47(  13,   3)  48(  14,   3)  49(  15,   3)  50(  16,   3)
  51(  17,   3)  52(   1,   4)  53(   2,   4)  54(   3,   4)  55(   4,   4)
  56(   5,   4)  57(   6,   4)  58(   7,   4)  59(   8,   4)  60(   9,   4)
  61(  10,   4)  62(  11,   4)  63(  12,   4)  64(  13,   4)  65(  14,   4)
  66(  15,   4)  67(  16,   4)  68(  17,   4)  69(   1,   5)  70(   2,   5)
  71(   3,   5)  72(   4,   5)  73(   5,   5)  74(   6,   5)  75(   7,   5)
  76(   8,   5)  77(   9,   5)  78(  10,   5)  79(  11,   5)  80(  12,   5)
  81(  13,   5)  82(  14,   5)  83(  15,   5)  84(  16,   5)  85(  17,   5)
  86(   1,   6)  87(   2,   6)  88(   3,   6)  89(   4,   6)  90(   5,   6)
  91(   6,   6)  92(   7,   6)  93(   8,   6)  94(   9,   6)  95(  10,   6)
  96(  11,   6)  97(  12,   6)  98(  13,   6)  99(  14,   6) 100(  15,   6)
 101(  16,   6) 102(  17,   6) 103(   1,   7) 104(   2,   7) 105(   3,   7)
 106(   4,   7) 107(   5,   7) 108(   6,   7) 109(   7,   7) 110(   8,   7)
 111(   9,   7) 112(  10,   7) 113(  11,   7) 114(  12,   7) 115(  13,   7)
 116(  14,   7) 117(  15,   7) 118(  16,   7) 119(  17,   7) 120(   1,   8)
 121(   2,   8) 122(   3,   8) 123(   4,   8) 124(   5,   8) 125(   6,   8)
 126(   7,   8) 127(   8,   8) 128(   9,   8) 129(  10,   8) 130(  11,   8)
 131(  12,   8) 132(  13,   8) 133(  14,   8) 134(  15,   8) 135(   1,   9)
 136(   2,   9) 137(   3,   9) 138(   4,   9) 139(   5,   9) 140(   6,   9)
 141(   7,   9) 142(   8,   9) 143(   9,   9) 144(  10,   9) 145(  11,   9)
 146(  12,   9) 147(  13,   9) 148(  14,   9) 149(  15,   9) 150(   1,  10)
 151(   2,  10) 152(   3,  10) 153(   4,  10) 154(   5,  10) 155(   6,  10)
 156(   7,  10) 157(   8,  10) 158(   9,  10) 159(  10,  10) 160(  11,  10)
 161(  12,  10) 162(  13,  10) 163(  14,  10) 164(  15,  10) 165(   1,  11)
 166(   2,  11) 167(   3,  11) 168(   4,  11) 169(   5,  11) 170(   6,  11)
 171(   7,  11) 172(   8,  11) 173(   9,  11) 174(  10,  11) 175(  11,  11)
 176(  12,  11) 177(  13,  11) 178(  14,  11) 179(  15,  11) 180(   1,  12)
 181(   2,  12) 182(   3,  12) 183(   4,  12) 184(   5,  12) 185(   6,  12)
 186(   7,  12) 187(   8,  12) 188(   9,  12) 189(  10,  12) 190(  11,  12)
 191(  12,  12) 192(  13,  12) 193(   1,  13) 194(   2,  13) 195(   3,  13)
 196(   4,  13) 197(   5,  13) 198(   6,  13) 199(   7,  13) 200(   8,  13)
 201(   9,  13) 202(  10,  13) 203(  11,  13) 204(  12,  13) 205(  13,  13)
 206(   1,  14) 207(   2,  14) 208(   3,  14) 209(   4,  14) 210(   5,  14)
 211(   6,  14) 212(   7,  14) 213(   8,  14) 214(   9,  14) 215(  10,  14)
 216(  11,  14) 217(   1,  15) 218(   2,  15) 219(   3,  15) 220(   4,  15)
 221(   5,  15) 222(   6,  15) 223(   7,  15) 224(   8,  15) 225(   9,  15)
 226(  10,  15) 227(  11,  15) 228(   1,  16) 229(   2,  16) 230(   3,  16)
 231(   4,  16) 232(   5,  16) 233(   6,  16) 234(   7,  16) 235(   1,  17)
 236(   2,  17) 237(   3,  17) 238(   4,  17) 239(   5,  17) 240(   6,  17)
 241(   7,  17)
 -33(   0,   1) -32(   0,   2) -31(   0,   3) -30(   0,   4) -29(   0,   5)
 -28(   0,   6) -27(   0,   7) -26(   0,   8) -25(   0,   9) -24(   0,  10)
 -23(   0,  11) -22(   0,  12) -21(   0,  13) -20(   0,  14) -19(   0,  15)
 -18(   0,  16) -17(   0,  17) -16(   1,   0) -15(   2,   0) -14(   3,   0)
 -13(   4,   0) -12(   5,   0) -11(   6,   0) -10(   7,   0)  -9(   8,   0)
  -8(   9,   0)  -7(  10,   0)  -6(  11,   0)  -5(  12,   0)  -4(  13,   0)
  -3(  14,   0)  -2(  15,   0)  -1(  16,   0)   0(  17,   0)
 242(   1,  18) 243(   2,  18) 244(   3,  18) 245(   4,  18) 246(   5,  18)
 247(   6,  18) 248(   7,  18) 249(   8,  16) 250(   9,  16) 251(  10,  16)
 252(  11,  16) 253(  12,  14) 254(  13,  14) 255(  14,  12) 256(  15,  12)
 257(  16,   8) 258(  17,   8) 259(  18,   1) 260(  18,   2) 261(  18,   3)
 262(  18,   4) 263(  18,   5) 264(  18,   6) 265(  18,   7) 266(  16,   8)
 267(  16,   9) 268(  16,  10) 269(  16,  11) 270(  14,  12) 271(  14,  13)
 272(  12,  14) 273(  12,  15) 274(   8,  16) 275(   8,  17)
 
 Node Number to Assembly Node
 
   ( Node Number , Assembly Number )
 
(   1,   1)(   2,   2)(   3,   2)(   4,   3)(   5,   3)(   6,   4)(   7,   4)(   8,   5)(   9,   5)(  10,   6)
(  11,   6)(  12,   7)(  13,   7)(  14,   8)(  15,   8)(  16,   9)(  17,   9)(  18,  10)(  19,  11)(  20,  11)
(  21,  12)(  22,  12)(  23,  13)(  24,  13)(  25,  14)(  26,  14)(  27,  15)(  28,  15)(  29,  16)(  30,  16)
(  31,  17)(  32,  17)(  33,  18)(  34,  18)(  35,  10)(  36,  11)(  37,  11)(  38,  12)(  39,  12)(  40,  13)
(  41,  13)(  42,  14)(  43,  14)(  44,  15)(  45,  15)(  46,  16)(  47,  16)(  48,  17)(  49,  17)(  50,  18)
(  51,  18)(  52,  19)(  53,  20)(  54,  20)(  55,  21)(  56,  21)(  57,  22)(  58,  22)(  59,  23)(  60,  23)
(  61,  24)(  62,  24)(  63,  25)(  64,  25)(  65,  26)(  66,  26)(  67,  27)(  68,  27)(  69,  19)(  70,  20)
(  71,  20)(  72,  21)(  73,  21)(  74,  22)(  75,  22)(  76,  23)(  77,  23)(  78,  24)(  79,  24)(  80,  25)
(  81,  25)(  82,  26)(  83,  26)(  84,  27)(  85,  27)(  86,  28)(  87,  29)(  88,  29)(  89,  30)(  90,  30)
(  91,  31)(  92,  31)(  93,  32)(  94,  32)(  95,  33)(  96,  33)(  97,  34)(  98,  34)(  99,  35)( 100,  35)
( 101,  36)( 102,  36)( 103,  28)( 104,  29)( 105,  29)( 106,  30)( 107,  30)( 108,  31)( 109,  31)( 110,  32)
( 111,  32)( 112,  33)( 113,  33)( 114,  34)( 115,  34)( 116,  35)( 117,  35)( 118,  36)( 119,  36)( 120,  37)
( 121,  38)( 122,  38)( 123,  39)( 124,  39)( 125,  40)( 126,  40)( 127,  41)( 128,  41)( 129,  42)( 130,  42)
( 131,  43)( 132,  43)( 133,  44)( 134,  44)( 135,  37)( 136,  38)( 137,  38)( 138,  39)( 139,  39)( 140,  40)
( 141,  40)( 142,  41)( 143,  41)( 144,  42)( 145,  42)( 146,  43)( 147,  43)( 148,  44)( 149,  44)( 150,  45)
( 151,  46)( 152,  46)( 153,  47)( 154,  47)( 155,  48)( 156,  48)( 157,  49)( 158,  49)( 159,  50)( 160,  50)
( 161,  51)( 162,  51)( 163,  52)( 164,  52)( 165,  45)( 166,  46)( 167,  46)( 168,  47)( 169,  47)( 170,  48)
( 171,  48)( 172,  49)( 173,  49)( 174,  50)( 175,  50)( 176,  51)( 177,  51)( 178,  52)( 179,  52)( 180,  53)
( 181,  54)( 182,  54)( 183,  55)( 184,  55)( 185,  56)( 186,  56)( 187,  57)( 188,  57)( 189,  58)( 190,  58)
( 191,  59)( 192,  59)( 193,  53)( 194,  54)( 195,  54)( 196,  55)( 197,  55)( 198,  56)( 199,  56)( 200,  57)
( 201,  57)( 202,  58)( 203,  58)( 204,  59)( 205,  59)( 206,  60)( 207,  61)( 208,  61)( 209,  62)( 210,  62)
( 211,  63)( 212,  63)( 213,  64)( 214,  64)( 215,  65)( 216,  65)( 217,  60)( 218,  61)( 219,  61)( 220,  62)
( 221,  62)( 222,  63)( 223,  63)( 224,  64)( 225,  64)( 226,  65)( 227,  65)( 228,  66)( 229,  67)( 230,  67)
( 231,  68)( 232,  68)( 233,  69)( 234,  69)( 235,  66)( 236,  67)( 237,  67)( 238,  68)( 239,  68)( 240,  69)
( 241,  69)(
 
 Node Number to Fuel Assembly Node
 
   ( Node Number , Assembly Number )
 
(   1,   1)(   2,   2)(   3,   2)(   4,   3)(   5,   3)(   6,   4)(   7,   4)(   8,   5)(   9,   5)(  10,   6)
(  11,   6)(  12,   7)(  13,   7)(  14,   8)(  15,   8)(  16,   0)(  17,   0)(  18,   9)(  19,  10)(  20,  10)
(  21,  11)(  22,  11)(  23,  12)(  24,  12)(  25,  13)(  26,  13)(  27,  14)(  28,  14)(  29,  15)(  30,  15)
(  31,  16)(  32,  16)(  33,   0)(  34,   0)(  35,   9)(  36,  10)(  37,  10)(  38,  11)(  39,  11)(  40,  12)
(  41,  12)(  42,  13)(  43,  13)(  44,  14)(  45,  14)(  46,  15)(  47,  15)(  48,  16)(  49,  16)(  50,   0)
(  51,   0)(  52,  17)(  53,  18)(  54,  18)(  55,  19)(  56,  19)(  57,  20)(  58,  20)(  59,  21)(  60,  21)
(  61,  22)(  62,  22)(  63,  23)(  64,  23)(  65,  24)(  66,  24)(  67,   0)(  68,   0)(  69,  17)(  70,  18)
(  71,  18)(  72,  19)(  73,  19)(  74,  20)(  75,  20)(  76,  21)(  77,  21)(  78,  22)(  79,  22)(  80,  23)
(  81,  23)(  82,  24)(  83,  24)(  84,   0)(  85,   0)(  86,  25)(  87,  26)(  88,  26)(  89,  27)(  90,  27)
(  91,  28)(  92,  28)(  93,  29)(  94,  29)(  95,  30)(  96,  30)(  97,  31)(  98,  31)(  99,   0)( 100,   0)
( 101,   0)( 102,   0)( 103,  25)( 104,  26)( 105,  26)( 106,  27)( 107,  27)( 108,  28)( 109,  28)( 110,  29)
( 111,  29)( 112,  30)( 113,  30)( 114,  31)( 115,  31)( 116,   0)( 117,   0)( 118,   0)( 119,   0)( 120,  32)
( 121,  33)( 122,  33)( 123,  34)( 124,  34)( 125,  35)( 126,  35)( 127,  36)( 128,  36)( 129,  37)( 130,  37)
( 131,  38)( 132,  38)( 133,   0)( 134,   0)( 135,  32)( 136,  33)( 137,  33)( 138,  34)( 139,  34)( 140,  35)
( 141,  35)( 142,  36)( 143,  36)( 144,  37)( 145,  37)( 146,  38)( 147,  38)( 148,   0)( 149,   0)( 150,  39)
( 151,  40)( 152,  40)( 153,  41)( 154,  41)( 155,  42)( 156,  42)( 157,  43)( 158,  43)( 159,  44)( 160,  44)
( 161,   0)( 162,   0)( 163,   0)( 164,   0)( 165,  39)( 166,  40)( 167,  40)( 168,  41)( 169,  41)( 170,  42)
( 171,  42)( 172,  43)( 173,  43)( 174,  44)( 175,  44)( 176,   0)( 177,   0)( 178,   0)( 179,   0)( 180,  45)
( 181,  46)( 182,  46)( 183,  47)( 184,  47)( 185,  48)( 186,  48)( 187,  49)( 188,  49)( 189,   0)( 190,   0)
( 191,   0)( 192,   0)( 193,  45)( 194,  46)( 195,  46)( 196,  47)( 197,  47)( 198,  48)( 199,  48)( 200,  49)
( 201,  49)( 202,   0)( 203,   0)( 204,   0)( 205,   0)( 206,  50)( 207,  51)( 208,  51)( 209,  52)( 210,  52)
( 211,   0)( 212,   0)( 213,   0)( 214,   0)( 215,   0)( 216,   0)( 217,  50)( 218,  51)( 219,  51)( 220,  52)
( 221,  52)( 222,   0)( 223,   0)( 224,   0)( 225,   0)( 226,   0)( 227,   0)( 228,   0)( 229,   0)( 230,   0)
( 231,   0)( 232,   0)( 233,   0)( 234,   0)( 235,   0)( 236,   0)( 237,   0)( 238,   0)( 239,   0)( 240,   0)
( 241,   0)(
 
 Nodes belonging to Each Fuel Assembly
 
    Assembly No.    Node Number 
 
    1    1
    2    2    3
    3    4    5
    4    6    7
    5    8    9
    6   10   11
    7   12   13
    8   14   15
    9   18   35
   10   19   20   36   37
   11   21   22   38   39
   12   23   24   40   41
   13   25   26   42   43
   14   27   28   44   45
   15   29   30   46   47
   16   31   32   48   49
   17   52   69
   18   53   54   70   71
   19   55   56   72   73
   20   57   58   74   75
   21   59   60   76   77
   22   61   62   78   79
   23   63   64   80   81
   24   65   66   82   83
   25   86  103
   26   87   88  104  105
   27   89   90  106  107
   28   91   92  108  109
   29   93   94  110  111
   30   95   96  112  113
   31   97   98  114  115
   32  120  135
   33  121  122  136  137
   34  123  124  138  139
   35  125  126  140  141
   36  127  128  142  143
   37  129  130  144  145
   38  131  132  146  147
   39  150  165
   40  151  152  166  167
   41  153  154  168  169
   42  155  156  170  171
   43  157  158  172  173
   44  159  160  174  175
   45  180  193
   46  181  182  194  195
   47  183  184  196  197
   48  185  186  198  199
   49  187  188  200  201
   50  206  217
   51  207  208  218  219
   52  209  210  220  221
 
= Group Constants for Each Composition

    Comp   Energy  Diffusion
   Number  Group     Coef.      Absorption     nuFiss    Scattering
     1       1    1.50000E+00  1.00000E-02  0.00000E+00  2.00000E-02
             2    4.00000E-01  8.50000E-02  1.35000E-01
     2       1    1.50000E+00  1.00000E-02  0.00000E+00  2.00000E-02
             2    4.00000E-01  1.30000E-01  1.35000E-01
     3       1    1.50000E+00  1.00000E-02  0.00000E+00  2.00000E-02
             2    4.00000E-01  8.00000E-02  1.35000E-01
     4       1    2.00000E+00  0.00000E+00  0.00000E+00  4.00000E-02
             2    3.00000E-01  1.00000E-02  0.00000E+00
     5       1    2.00000E+00  0.00000E+00  0.00000E+00  4.00000E-02
             2    3.00000E-01  5.50000E-02  0.00000E+00
 
   Delta XS for Control Rods
    Comp     Energy  
   Number    Group   Transport    Absorption     nuFiss    Scattering
     1         1    0.00000E+00  0.00000E+00  0.00000E+00  0.00000E+00
               2    0.00000E+00  0.00000E+00  0.00000E+00
 
   Delta XS assignment to XS compositions

     composition  Del XS 
        type       type  
         1         1
         2         1
         3         1
         4         1
         5         1
 
= External T/H On?                                         [X]
