 PARCSPARCSPARCSPARCSPARCSPARCSPARCSPARCSPARCSPARCSPARCSPARCSPARCSPARCSPARCSPARCSPARCSPARCSPARCSPARCS



      PPPPPPPPPPPPP          AAA         RRRRRRRRRRRRRR          CCCCCCCCCC         SSSSSSSSSS   
      PPPPPPPPPPPPPPP       AAAAA        RRRRRRRRRRRRRRRR       CCCCCCCCCCCCC     SSSSSSSSSSSSS  
       PPPP      PPPP      AAAAAAA        RRRR       RRRRR     CCCC      CCCCC    SSSS      SSSSS
       PPPP       PPPP     AAA AAA        RRRR        RRRR    CCCC        CCCC   SSSS       SSSSS
       PPPP       PPPP    AAAA AAAA       RRRR        RRRR   CCCC                SSSSS           
       PPPP      PPPPP   AAAA   AAAA      RRRR       RRRR    CCCC                 SSSSSSSSSS     
       PPPPPPPPPPPPPP   AAAA     AAAA     RRRRRRRRRRRRRR     CCCC                   SSSSSSSSSSS  
       PPPPPPPPPPPP     AAAA     AAAA     RRRRRRRRRRR        CCCC                       SSSSSSSS 
       PPPP            AAAAAAAAAAAAAAA    RRRR    RRRRR      CCCC          CCC               SSSS
       PPPP            AAAAAAAAAAAAAAA    RRRR      RRRR     CCCC         CCCC   SSSS        SSSS
       PPPP           AAAA         AAAA   RRRR       RRRR     CCCC        CCCC   SSSS        SSSS
       PPPP           AAAA         AAAA   RRRR        RRRR    CCCCC      CCCC    SSSSS      SSSSS
      PPPPPP         AAAAA         AAAAA RRRRRR       RRRRRR   CCCCCCCCCCCCC      SSSSSSSSSSSSSS 
      PPPPPP         AAAAA         AAAAA RRRRRR       RRRRRR     CCCCCCCCCC         SSSSSSSSSS   



                              (Purdue Advanced Reactor Core Simulator)

                                          NRC - V2.7                                                                     


 PARCSPARCSPARCSPARCSPARCSPARCSPARCSPARCSPARCSPARCSPARCSPARCSPARCSPARCSPARCSPARCSPARCSPARCSPARCSPARCS


           Executing Case l336C5
           by parcs on VIRTUAL at 16:13:30, Feb. 23, 2026...                   
 
           Allocated Memory:     66.42 MBytes                                  


 PARCSPARCSPARCSPARCSPARCSPARCSPARCSPARCSPARCSPARCSPARCSPARCSPARCSPARCSPARCSPARCSPARCSPARCSPARCSPARCS


                                      Echo of Input Deck L336C5.inp
=====================================================================================================
CASEID l336C5                  L336  Case C5
!******************************************************************************
CNTL
     PIN_POWER    F
     TH_FDBK      F
!                    input  iteration     planar                   adj
!                     edit      table      power        pin       reac
      print_opt          T          T          F          F          F
!                     fdbk       flux     planar
!                      rho    precurs       flux         Xe        T/H
      print_opt          F          F          T          F          F
 
 
!******************************************************************************
PARAM
! Basic Iteration Control Parameters
      n_iters    10 500                     !ninmax, noutmax
 
! Convergence Criteria
      conv_ss    1.e-7 1.e-6 1.e-6 0.01      !epseig,epsl2,epslinf,epstf
 
! Nonlinear Update Control
      eps_anm    1.0e-15
! nodal_kern fdm
!******************************************************************************
XSEC
!      file XSEC_L336
!==============================================================================
 comp_num   1    !GUIDE TUBE
!------------------------------------------------------------------------------
 base_macro 0.27777778    0.001         0.000000e+00  0.000000e+00  0.025
            0.83333333    0.02          0.000000e+00  0.000000e+00
!==============================================================================
 comp_num   2    !FISSION CHAMBER
!------------------------------------------------------------------------------
 base_macro 0.27777778    0.001         1.000000e-07  1.000000e-07  0.025
            0.83333333    0.02          3.000000e-06  3.000000e-06
!==============================================================================
 comp_num   3    !CORNER REFLECTOR
!------------------------------------------------------------------------------
 base_macro 0.27777778    0.001         0.000000e+00  0.000000e+00  0.05
            1.66666667    0.04          0.000000e+00  0.000000e+00
!==============================================================================
 comp_num   4    !FUEL 2 UO2
!------------------------------------------------------------------------------
 base_macro 0.2777778     0.010         0.005         0.005         0.02
            0.8333333     0.1           0.125         0.125
!==============================================================================
 comp_num   5    !FUEL 2 MOX1
!------------------------------------------------------------------------------
 base_macro 0.2777778     0.015         0.0075        0.0075        0.015
            0.8333333     0.2           0.3           0.3
!==============================================================================
 comp_num   6    !FUEL 3 MOX2
!------------------------------------------------------------------------------
 base_macro 0.2777778     0.015         0.0075        0.0075        0.015
            0.8333333     0.25          0.375         0.375
!==============================================================================
 comp_num   7    !FUEL 4 MOX3
!------------------------------------------------------------------------------
 base_macro 0.2777778     0.015         0.0075        0.0075        0.015
            0.8333333     0.30          0.45          0.45
!==============================================================================
 comp_num   8    !UO2 - HOMOGENIZED
!------------------------------------------------------------------------------
 base_macro 2.777778E-01  9.225968E-03  4.569983E-03  4.569983E-03  2.043002E-02
            8.333333E-01  9.265912E-02  1.135299E-01  1.135299E-01
! adf 1.004808  0.950971  1.004808  0.950971  1.004808  0.950971  1.004808  0.950971
 cdf 1.006900  0.930700  1.003400  0.964600  1.006900  0.930700  1.003400  0.964600
!==============================================================================
 comp_num   9    !MOX - HOMOGENIZED
!------------------------------------------------------------------------------
 base_macro 2.777778E-01  1.379115E-02  6.852401E-03  6.852401E-03  1.586347E-02
            8.333333E-01  2.316396E-01  3.445001E-01  3.445001E-01
! adf 0.994577  1.041522  0.994577  1.041522  0.994577  1.041522  0.994577  1.041522
 cdf 0.9914  1.0450  0.9968  1.0491  0.9914  1.0450  0.9968  1.0491
!==============================================================================
 comp_num   10   !AIC Burnable Absorber
!------------------------------------------------------------------------------
 base_macro 0.27777778    0.04          0.000000e+00  0.000000e+00  0.01
            0.8333333     0.8           0.000000e+00  0.000000e+00
!==============================================================================
 comp_num   11   !BP Assembly
!------------------------------------------------------------------------------
 base_macro 2.777778E-01  1.239222E-02  4.579785E-03  4.579785E-03  1.920921E-02
            8.333333E-01  1.385318E-01  1.175413E-01  1.175413E-01
 adf  1.052038  1.281505  1.052038  1.281505  1.052038  1.281505  1.052038  1.281505
 cdf  1.1040  1.4493  1.0096  1.1580  1.1040  1.4493  1.0096  1.1580
 
 delcr_comp 1   1 -5  7 -11  !compostions that this set applies
!------------------------------------------------------------------------------
 delcr_base 0.0 0.0 0.0 0.0 0.0
            0.0 0.0 0.0 0.0
 
 delcr_comp 2   6                      !compostions that this set applies
!------------------------------------------------------------------------------
 delcr_base 0.0 0.0 0.0 0.0 0.0
            0.0 0.0 0.0 0.0
 
!Delayed Neutron Precurosor Data
!--------------------------------------------------------------------------------
 kin_comp   1  1 -11    !Compostions that this set applies
 dnp_lambda 0.0128  0.0318  0.119   0.3181  1.4027  3.9286 !decay constants
 dnp_beta   0.0002584 0.00152 0.0013908 0.0030704 0.001102 0.0002584 !beta
 neut_velo  2.8E7    4.4E5  ! Neutron Velocities (cm/sec)
 
!******************************************************************************
GEOM
 geo_dim   3 3 1              !nasyx,nasyy,nz
 rad_conf
 2 2 1
 2 2 1
 1 1 1
 grid_x     3*21.42  ! 3 fuel assemby de 21.42 cm
 neutmesh_x 3*50  ! 50 mesh in ogni fuel assembly
 grid_y     3*21.42
 neutmesh_y 3*50
 grid_z     1*1.0
 boun_cond  0 1 0 1 0 0       !ibcw,ibce,ibcn,ibcs,ibcb,ibct
 Planar_Reg 1
 8 9 3
 9 8 3
 3 3 3
 PR_Assign  1
 cr_axinfo 0.0 0.0          !fully inserted position and step size
 bank_conf
 1 0 0
 0 0 0
 0 0 0
 pincal_loc
 1 1 0
 1 1 0
 0 0 0
 
!******************************************************************************
PFF
!      file  PFF_L336
 npin_side  17                 ! npin
 pff_comp 1  1 -8              ! compositions that the following set applies (UO2)
 pff_unrodd  1                 !group  1  of  set  1
  1.1015  1.1011  1.1004  1.0994  1.0983  1.0977  1.0976  1.0975  1.0974
  1.1011  1.1005  1.0993  1.0977  1.0959  1.0943  1.0953  1.0953  1.0942
  1.1004  1.0993  1.0968  1.0937  1.0918  0.0000  1.0926  1.0927  0.0000
  1.0994  1.0977  1.0937  0.0000  1.0903  1.0911  1.0930  1.0932  1.0919
  1.0983  1.0959  1.0918  1.0903  1.0910  1.0908  1.0926  1.0927  1.0915
  1.0977  1.0943  0.0000  1.0911  1.0908  0.0000  1.0912  1.0913  0.0000
  1.0976  1.0953  1.0926  1.0930  1.0926  1.0912  1.0925  1.0925  1.0912
  1.0975  1.0953  1.0927  1.0932  1.0927  1.0913  1.0925  1.0925  1.0912
  1.0974  1.0942  0.0000  1.0919  1.0915  0.0000  1.0912  1.0912  0.0000
 pff_unrodd 2                  ! group  2  of  set  1
  1.0259  1.0299  1.0374  1.0472  1.0574  1.0642  1.0646  1.0651  1.0667
  1.0299  1.0362  1.0485  1.0642  1.0831  1.1001  1.0882  1.0880  1.1003
  1.0374  1.0485  1.0744  1.1068  1.1256  0.0000  1.1172  1.1157  0.0000
  1.0472  1.0642  1.1068  0.0000  1.1409  1.1326  1.1121  1.1097  1.1228
  1.0574  1.0831  1.1256  1.1409  1.1334  1.1350  1.1157  1.1135  1.1268
  1.0642  1.1001  0.0000  1.1326  1.1350  0.0000  1.1301  1.1288  0.0000
  1.0646  1.0882  1.1172  1.1121  1.1157  1.1301  1.1158  1.1154  1.1290
  1.0651  1.0880  1.1157  1.1097  1.1135  1.1288  1.1154  1.1154  1.1292
  1.0667  1.1003  0.0000  1.1228  1.1268  0.0000  1.1290  1.1292  0.0000
 pff_rodded 1                    ! group  1  of  set  1
  1.1015  1.1011  1.1004  1.0994  1.0983  1.0977  1.0976  1.0975  1.0974
  1.1011  1.1005  1.0993  1.0977  1.0959  1.0943  1.0953  1.0953  1.0942
  1.1004  1.0993  1.0968  1.0937  1.0918  0.0000  1.0926  1.0927  0.0000
  1.0994  1.0977  1.0937  0.0000  1.0903  1.0911  1.0930  1.0932  1.0919
  1.0983  1.0959  1.0918  1.0903  1.0910  1.0908  1.0926  1.0927  1.0915
  1.0977  1.0943  0.0000  1.0911  1.0908  0.0000  1.0912  1.0913  0.0000
  1.0976  1.0953  1.0926  1.0930  1.0926  1.0912  1.0925  1.0925  1.0912
  1.0975  1.0953  1.0927  1.0932  1.0927  1.0913  1.0925  1.0925  1.0912
  1.0974  1.0942  0.0000  1.0919  1.0915  0.0000  1.0912  1.0912  0.0000
 pff_rodded 2                    ! group  2  of  set  1
  1.0259  1.0299  1.0374  1.0472  1.0574  1.0642  1.0646  1.0651  1.0667
  1.0299  1.0362  1.0485  1.0642  1.0831  1.1001  1.0882  1.0880  1.1003
  1.0374  1.0485  1.0744  1.1068  1.1256  0.0000  1.1172  1.1157  0.0000
  1.0472  1.0642  1.1068  0.0000  1.1409  1.1326  1.1121  1.1097  1.1228
  1.0574  1.0831  1.1256  1.1409  1.1334  1.1350  1.1157  1.1135  1.1268
  1.0642  1.1001  0.0000  1.1326  1.1350  0.0000  1.1301  1.1288  0.0000
  1.0646  1.0882  1.1172  1.1121  1.1157  1.1301  1.1158  1.1154  1.1290
  1.0651  1.0880  1.1157  1.1097  1.1135  1.1288  1.1154  1.1154  1.1292
  1.0667  1.1003  0.0000  1.1228  1.1268  0.0000  1.1290  1.1292  0.0000
 pff_comp 2  9                 ! compositions that the following set applies (UO2)
 pff_unrodd 1 !group  1  of  set  1
  1.0855  1.0865  1.0878  1.0888  1.0896  1.0903  1.0910  1.0914  1.0914
  1.0865  1.0886  1.0900  1.0909  1.0913  1.0912  1.0929  1.0933  1.0924
  1.0878  1.0900  1.0910  1.0910  1.0916  0.0000  1.0947  1.0952  0.0000
  1.0888  1.0909  1.0910  0.0000  1.0939  1.0968  1.0992  1.0997  1.0988
  1.0896  1.0913  1.0916  1.0939  1.0977  1.0991  1.1013  1.1018  1.1008
  1.0903  1.0912  0.0000  1.0968  1.0991  0.0000  1.1014  1.1017  0.0000
  1.0910  1.0929  1.0947  1.0992  1.1013  1.1014  1.1031  1.1034  1.1024
  1.0914  1.0933  1.0952  1.0997  1.1018  1.1017  1.1034  1.1038  1.1028
  1.0914  1.0924  0.0000  1.0988  1.1008  0.0000  1.1024  1.1028  0.0000
 pff_unrodd 2 !group  2  of  set  1
  0.9053  0.8927  0.8875  0.8925  0.9033  0.9106  0.9070  0.9063  0.9095
  0.8927  1.0752  1.0676  1.0844  1.1204  1.1622  1.1152  1.1119  1.1525
  0.8875  1.0676  1.0889  1.1511  1.1764  0.0000  1.1143  1.1068  0.0000
  0.8925  1.0844  1.1511  0.0000  1.1533  1.2941  1.1990  1.1875  1.2376
  0.9033  1.1204  1.1764  1.1533  1.2713  1.2425  1.1562  1.1464  1.1994
  0.9106  1.1622  0.0000  1.2941  1.2425  0.0000  1.1941  1.1875  0.0000
  0.9070  1.1152  1.1143  1.1990  1.1562  1.1941  1.1303  1.1267  1.1811
  0.9063  1.1119  1.1068  1.1875  1.1464  1.1875  1.1267  1.1245  1.1792
  0.9095  1.1525  0.0000  1.2376  1.1994  0.0000  1.1811  1.1792  0.0000
 pff_rodded 1 !group  1  of  set  1
  1.0855  1.0865  1.0878  1.0888  1.0896  1.0903  1.0910  1.0914  1.0914
  1.0865  1.0886  1.0900  1.0909  1.0913  1.0912  1.0929  1.0933  1.0924
  1.0878  1.0900  1.0910  1.0910  1.0916  0.0000  1.0947  1.0952  0.0000
  1.0888  1.0909  1.0910  0.0000  1.0939  1.0968  1.0992  1.0997  1.0988
  1.0896  1.0913  1.0916  1.0939  1.0977  1.0991  1.1013  1.1018  1.1008
  1.0903  1.0912  0.0000  1.0968  1.0991  0.0000  1.1014  1.1017  0.0000
  1.0910  1.0929  1.0947  1.0992  1.1013  1.1014  1.1031  1.1034  1.1024
  1.0914  1.0933  1.0952  1.0997  1.1018  1.1017  1.1034  1.1038  1.1028
  1.0914  1.0924  0.0000  1.0988  1.1008  0.0000  1.1024  1.1028  0.0000
 pff_rodded 2 ! group  2  of  set  1
  0.9053  0.8927  0.8875  0.8925  0.9033  0.9106  0.9070  0.9063  0.9095
  0.8927  1.0752  1.0676  1.0844  1.1204  1.1622  1.1152  1.1119  1.1525
  0.8875  1.0676  1.0889  1.1511  1.1764  0.0000  1.1143  1.1068  0.0000
  0.8925  1.0844  1.1511  0.0000  1.1533  1.2941  1.1990  1.1875  1.2376
  0.9033  1.1204  1.1764  1.1533  1.2713  1.2425  1.1562  1.1464  1.1994
  0.9106  1.1622  0.0000  1.2941  1.2425  0.0000  1.1941  1.1875  0.0000
  0.9070  1.1152  1.1143  1.1990  1.1562  1.1941  1.1303  1.1267  1.1811
  0.9063  1.1119  1.1068  1.1875  1.1464  1.1875  1.1267  1.1245  1.1792
  0.9095  1.1525  0.0000  1.2376  1.1994  0.0000  1.1811  1.1792  0.0000
 pff_comp 3  10 -11             ! compositions that the following set applies (UO2)
 pff_unrodd 1 ! group  1  of  set  1
  1.2025  1.1932  1.1766  1.1560  1.1354  1.1188  1.1083  1.1020  1.0996
  1.1932  1.1828  1.1642  1.1416  1.1192  1.1013  1.0939  1.0883  1.0840
  1.1766  1.1642  1.1414  1.1151  1.0936  0.0000  1.0743  1.0700  0.0000
  1.1560  1.1416  1.1151  0.0000  1.0735  1.0646  1.0624  1.0594  1.0555
  1.1354  1.1192  1.0936  1.0735  1.0616  1.0530  1.0520  1.0499  1.0465
  1.1188  1.1013  0.0000  1.0646  1.0530  0.0000  1.0435  1.0423  0.0000
  1.1083  1.0939  1.0743  1.0624  1.0520  1.0435  1.0443  1.0447  1.0426
  1.1020  1.0883  1.0700  1.0594  1.0499  1.0423  1.0447  1.0477  1.0473
  1.0996  1.0840  0.0000  1.0555  1.0465  0.0000  1.0426  1.0473  0.0000
 pff_unrodd 2 ! group  2  of  set  1
  1.5322  1.5014  1.4448  1.3724  1.2972  1.2436  1.2280  1.2172  1.2064
  1.5014  1.4585  1.3767  1.2745  1.1564  1.0511  1.0990  1.0923  1.0271
  1.4448  1.3767  1.2257  1.0410  0.9278  0.0000  0.9423  0.9427  0.0000
  1.3724  1.2745  1.0410  0.0000  0.8395  0.8687  0.9618  0.9689  0.9024
  1.2972  1.1564  0.9278  0.8395  0.8684  0.8585  0.9476  0.9568  0.8931
  1.2436  1.0511  0.0000  0.8687  0.8585  0.0000  0.8913  0.9041  0.0000
  1.2280  1.0990  0.9423  0.9618  0.9476  0.8913  0.9837  1.0226  0.9785
  1.2172  1.0923  0.9427  0.9689  0.9568  0.9041  1.0226  1.1376  1.1792
  1.2064  1.0271  0.0000  0.9024  0.8931  0.0000  0.9785  1.1792  0.0000
 pff_rodded 1 ! group  1  of  set  1
  1.2025  1.1932  1.1766  1.1560  1.1354  1.1188  1.1083  1.1020  1.0996
  1.1932  1.1828  1.1642  1.1416  1.1192  1.1013  1.0939  1.0883  1.0840
  1.1766  1.1642  1.1414  1.1151  1.0936  0.0000  1.0743  1.0700  0.0000
  1.1560  1.1416  1.1151  0.0000  1.0735  1.0646  1.0624  1.0594  1.0555
  1.1354  1.1192  1.0936  1.0735  1.0616  1.0530  1.0520  1.0499  1.0465
  1.1188  1.1013  0.0000  1.0646  1.0530  0.0000  1.0435  1.0423  0.0000
  1.1083  1.0939  1.0743  1.0624  1.0520  1.0435  1.0443  1.0447  1.0426
  1.1020  1.0883  1.0700  1.0594  1.0499  1.0423  1.0447  1.0477  1.0473
  1.0996  1.0840  0.0000  1.0555  1.0465  0.0000  1.0426  1.0473  0.0000
 pff_rodded 2 ! group  2  of  set  1
  1.5322  1.5014  1.4448  1.3724  1.2972  1.2436  1.2280  1.2172  1.2064
  1.5014  1.4585  1.3767  1.2745  1.1564  1.0511  1.0990  1.0923  1.0271
  1.4448  1.3767  1.2257  1.0410  0.9278  0.0000  0.9423  0.9427  0.0000
  1.3724  1.2745  1.0410  0.0000  0.8395  0.8687  0.9618  0.9689  0.9024
  1.2972  1.1564  0.9278  0.8395  0.8684  0.8585  0.9476  0.9568  0.8931
  1.2436  1.0511  0.0000  0.8687  0.8585  0.0000  0.8913  0.9041  0.0000
  1.2280  1.0990  0.9423  0.9618  0.9476  0.8913  0.9837  1.0226  0.9785
  1.2172  1.0923  0.9427  0.9689  0.9568  0.9041  1.0226  1.1376  1.1792
  1.2064  1.0271  0.0000  0.9024  0.8931  0.0000  0.9785  1.1792  0.0000
.
 00:00.33  Input Processing Completed.
 00:00.33  Performing Steady-State Eigenvalue Calculation...                
  Itr Nin    k-eff        Global F.S.    Local F.S.   Dom. R     PPM           
-------------------------------------------------------------------------------
   1   5   0.7933592 F   7.7028E-01 F   1.6490E+00 F 10.0000      0.00         
   2  10   0.9795298 F   5.0481E+00 F   5.5826E+00 F 10.0000      0.00         
   3  10   0.9418457 F   2.7494E-01 F   1.0000E+00 F  0.2552      0.00         
 00:01.48  Nodal update...   1, NEM=    0, ANM=45000                        
   4  10   0.9387788 F   3.0937E-02 F   1.0375E-01 F  0.1015      0.00         
   5  10   0.9387873 F   2.0478E-03 F   3.6213E-03 F  0.0657      0.00         
   6  10   0.9387932 F   3.1307E-04 F   1.7127E-03 F  0.1529      0.00         
 00:02.78  Nodal update...   2, NEM=    0, ANM=45000                        
   7  10   0.9388061 F   3.0615E-04 F   5.8928E-04 F  0.9781      0.00         
   8  10   0.9388087 F   7.4709E-05 F   1.2055E-04 F  0.2441      0.00         
   9  10   0.9388106 F   4.9547E-05 F   6.4276E-05 F  0.6632      0.00         
 00:04.10  Nodal update...   3, NEM=    0, ANM=45000                        
  10  10   0.9388109 F   1.3764E-06 F   1.1094E-05 F  0.0278      0.00         
  11  10   0.9388109 T   1.7171E-06 F   2.5716E-06 F  1.2475      0.00         
  12  10   0.9388108 T   1.0287E-06 F   2.3493E-06 F  0.5991      0.00         
 00:05.40  Nodal update...   4, NEM=    0, ANM=45000                        
  13   1   0.9388108 T   7.6530E-08 T   2.9747E-06 F  0.0744      0.00         
  14  10   0.9388108 T   1.1018E-07 T   2.5372E-07 T  1.4397      0.00         
 00:05.99  Nodal update...   5, NEM=    0, ANM=45000                        
  15   1   0.9388108 T   2.4211E-08 T   1.0713E-06 F  0.2197      0.00         
  16  10   0.9388108 T   7.9473E-09 T   1.9258E-08 T  0.3283      0.00         
 00:06.56  Nodal update...   6, NEM=    0, ANM=45000                        
  17   1   0.9388108 T   8.9476E-09 T   4.3347E-07 T  1.1259      0.00         
 00:06.65  k-eff= 0.938811 , Tout=   0.00 , ppm=    0.00                    
 
   K-Effective:     0.938811
   Boron Conc:       0.00
   Core Power Level: 1.000000E+00
 
 Assembly Power Distribution
 
     #.####   box power
 
            1       2
      1   1.3522  1.0877
      2   1.0877  0.4724
 
        Maximum Pos.   Maximum Value 
         (  1,  1 )   1.3522
 
 Axial Power Distribution
 
 Distance(cm)  Power       Plane     Mesh
 from Bottom               Number    (cm)
      0.50     1.000          1       1.00
 
  Maximum Pos.    Maximum Value 
       1              1.0000
 

  Fq (Pin)   1.3522


 Planar Flux at Plane           1
 
            1         2
      1  4.690E+02 3.031E+02
         9.582E+01 2.437E+01
 
      2  3.031E+02 1.597E+02
         2.437E+01 3.365E+01
 
        Maximum Pos.   Maximum Value 
         (  1,  1 )  4.690E+02
         (  1,  1 )  9.582E+01
 
 Number of CMFD/Nodal/TH Updates/Inners and Sweeps:        17        6        0      138       18

  Time for Init.          0.120
           CMFD           5.788
           Nodal          0.541
           T/H            0.000
           Xsec           0.050
           Pin Power      0.000
                          -----
           Total          6.379


 00:06.65  Job Finished at 16:13:37.                                                       
